4243767290,0
4294967279,163
4294967278,159
4294967279,260
4294967278,158
4294967278,356
4294967279,159
4294967278,157
4294967279,158
4294967278,101
4294967278,100
4294967294,50
4294967294,162
4294967294,1245
4243767290,3
4243767290,2
4294967294,126
4294967294,12
4294967294,1426
4294967278,99
4294967278,151
4294967278,388
4294967278,392
4294967278,387
4294967279,148
4294967278,98
4294967278,92
4294967278,91
4294967278,90
4294967278,87
4294967278,78
4294967278,76
4294967278,74
4294967278,72
4294967278,64
4294967278,63
4294967278,62
4294967278,60
4294967279,65
4294967279,64
4294967279,63
4294967279,59
4294967279,297
4294967278,146
4294967279,146
4294967279,295
4294967278,372
4294967279,554
4294967278,406
4294967279,294
4294967278,351
4294967279,349
4294967279,532
4294967278,138
4294967278,405
4294967279,277
4294967278,276
4294967279,293
4294967278,133
4294967278,135
84,5
4294967279,135
84,4
4294967278,134
84,3
84,2
84,1
4294967279,569
21,2
4294967278,272
4294967278,271
4294967278,404
4294967279,270
4294967279,348
4294967278,285
4294967278,349
4294967279,347
4294967294,395
4294967294,396
4294967294,187
4294967294,399
4294967294,385
4294967294,421
4294967294,178
4294967294,589
4294967294,1075
4294967294,183
4294967294,398
4294967294,406
4294967294,420
4294967294,448
4294967294,416
4294967294,112
4294967294,404
4294967294,461
4294967294,408
4294967278,266
4294967278,277
4294967279,529
4294967278,265
4294967278,263
4294967279,264
83,7
4294967278,262
83,6
83,5
4294967278,261
83,4
83,3
83,2
83,1
4294967279,320
4294967278,258
82,4
4294967278,257
82,2
82,1
4294967278,330
4294967278,325
4294967294,161
4294967294,165
4294967294,113
4294967294,1
4294967294,167
4294967278,256
4294967279,45
4294967279,36
4294967279,35
4294967279,28
4294967279,523
4294967279,258
4294967278,318
4294967278,386
4294967278,403
4294967279,256
4294967278,252
4294967279,255
4294967278,364
4294967279,251
4294967279,250
4294967279,241
81,6
81,5
81,4
81,3
81,2
81,1
4294967279,346
4294967279,239
4294967279,238
4294967278,402
4294967294,387
4294967279,230
4294967279,228
4294967278,226
4294967279,226
80,7
4294967279,220
80,6
80,5
4294967279,218
80,4
80,3
80,2
80,1
4294967279,278
4294967279,216
4294967279,214
4294967279,345
4294967279,539
4294967278,212
4294967279,213
79,5
4294967278,211
79,4
4294967279,212
79,2
79,1
4294967278,210
4294967279,211
4294967278,132
4294967278,131
4294967278,130
4294967278,129
4294967278,128
4294967278,126
4294967278,120
4294967278,119
4294967278,117
4294967278,260
4294967279,27
4294967279,26
4294967279,24
4294967279,22
4294967279,16
4294967279,15
4294967294,417
4294967294,386
4294967294,412
4294967294,108
4294967294,449
4294967294,455
4294967279,515
4294967294,89
4294967294,1082
4294967278,205
4294967278,313
4294967278,361
4294967279,553
4294967279,513
4294967279,204
4294967279,136
4294967279,344
4294967279,0
4294967279,203
4294967279,552
4294967294,392
4294967278,401
4294967278,345
4294967279,551
4294967294,452
4294967294,191
4294967294,454
4294967278,344
4294967279,199
4294967279,549
4294967294,114
4294967294,120
4294967294,475
4294967278,343
4294967278,195
4294967278,193
4294967278,306
4294967278,400
4294967279,319
4294967294,393
4294967294,46
4294967294,388
4294967294,389
4294967294,115
4294967278,192
4294967294,1066
4294967294,186
4294967294,437
74,5
4294967294,107
4294967279,191
4294967294,92
4294967294,90
4294967294,88
4294967294,86
4294967294,85
4294967294,1239
4294967294,413
4294967294,29
4294967294,1069
4294967294,1086
4294967294,45
4294967294,40
4294967294,38
4294967294,37
4294967279,316
4294967279,343
4294967278,304
4294967294,15
4294967294,44
4294967294,473
4294967294,81
4294967294,14
4294967294,20
4294967294,13
21,4
5,5
25,5
4294967294,36
4294967294,39
4294967294,42
4294967294,99
4294967294,76
4294967294,441
4294967294,43
4294967294,51
4294967294,52
4294967294,1240
4294967294,1163
4294967294,1246
4294967278,107
4294967278,97
4294967279,188
4294967278,342
4294967278,185
4294967279,544
4294967278,341
77,5
76,6
74,6
75,6
77,4
4294967279,186
4294967279,315
4294967278,340
4294967279,314
4294967278,399
4294967279,313
73,6
73,5
4294967278,398
78,6
4294967278,346
4294967278,0
4294967278,106
4294967278,105
4294967278,103
4294967278,96
4294967278,95
4294967278,93
4294967278,86
4294967278,85
4294967278,81
4294967278,80
4294967278,79
4294967278,77
4294967278,70
4294967278,69
4294967279,66
4294967278,68
4294967278,181
4294967278,302
73,7
78,5
74,4
75,4
78,4
73,4
76,4
73,8
4294967278,300
2,2
4294967278,178
4294967278,176
4294967294,119
4294967294,164
4294967294,463
4294967294,116
4294967279,542
4294967278,338
4294967279,541
4294967278,59
4294967278,170
4294967279,171
4294967278,169
78,7
4294967279,167
4294967278,167
78,2
78,1
4294967294,1077
4294967279,305
4294967278,336
4294967279,537
4294967279,303
4294967279,156
4294967278,155
77,6
77,3
77,2
77,1
4294967278,288
4294967279,342
4294967279,534
4294967279,535
4294967279,341
4294967278,144
4294967279,144
4294967278,143
76,7
4294967279,143
4294967279,142
76,3
76,2
76,1
4294967278,370
4294967279,137
4294967279,276
4294967278,274
4294967279,322
4294967278,350
4294967279,272
75,7
75,3
75,2
75,1
4294967294,451
4294967294,402
4294967294,464
4294967294,468
4294967278,283
4294967278,267
4294967279,290
4294967279,340
4294967279,266
4294967278,327
4294967279,283
74,7
74,2
74,1
4294967278,324
4294967278,381
4294967279,524
4294967279,521
4294967279,339
